4
2
8
5
10
4
9
8
0
10
0
5
0
3
8
0
6
8
8
3
8
1
1
0
0
1
3
8
2
9
10
6
0
9
8
8
2
6
7
4
8
10
1
4
10
5
2
9
6
4
10
1
1
6
7
6
0
4
5
10
9
9
7
8
6
9
5
0
4
3
0
4
3
6
1
7
3
8
4
3
0
10
6
10
9
2
3
3
2
9
5
0
9
7
8
7
3
3
2
8
5
8
3
3
4
4
3
2
8
10
1
0
2
1
8
6
6
7
2
6
10
3
9
5
1
9
8
9
4
0
5
9
5
4
9
7
2
2
1
5
8
8
3
9
4
10
2
9
4
9
2
5
10
2
7
7
7
3
8
10
9
2
8
6
0
10
10
5
4
6
4
3
2
4
5
5
5
4
7
4
9
8
9
8
4
1
4
5
5
8
4
2
0
7
7
6
9
9
7
3
8
9
3
10
7
1
6
2
1
8
6
7
9
9
1
1
5
5
4
9
6
7
1
1
9
6
5
3
7
9
1
3
7
3
6
8
7
0
6
10
8
5
2
8
0
1
0
3
6
2
3
0
5
7
10
4
