6
6
4
3
5
9
3
4
5
3
1
3
1
8
1
0
6
7
4
9
2
6
1
10
10
9
6
2
10
7
6
8
2
2
5
10
1
3
4
6
9
7
0
2
3
9
7
6
7
9
7
10
9
7
2
10
10
5
9
2
5
10
7
10
9
9
8
8
8
10
1
8
8
4
2
7
2
5
1
7
2
1
5
1
2
2
1
0
5
2
3
9
0
10
1
7
0
5
5
2
3
3
1
5
8
1
0
8
3
3
4
9
0
4
6
1
0
7
4
3
1
9
6
10
2
0
3
2
9
1
1
1
2
5
0
10
5
7
0
8
9
3
0
0
0
4
0
7
6
2
1
5
0
1
7
9
1
3
8
4
3
4
4
8
4
1
5
0
1
5
2
2
5
7
10
3
2
4
8
10
0
8
10
8
8
2
2
1
2
1
6
5
6
3
9
10
2
5
4
10
3
8
10
9
0
10
3
5
4
9
2
1
10
0
8
5
6
0
0
10
5
5
6
0
3
9
3
3
0
3
7
4
1
7
5
9
9
7
4
2
3
0
6
4
0
7
2
3
6
9
2
8
1
9
0
0
