24
36
68
83
133
169
196
228
228
258
258
273
273
297
305
305
341
397
429
456
472
478
479
479
479
488
506
522
542
605
665
713
713
731
771
851
853
871
899
923
995
1065
1065
1073
1103
1148
1162
1216
1258
1294
1364
1374
1383
1425
1439
1499
1499
1519
1564
1584
1629
1719
1768
1848
1902
1983
2023
2023
2055
2085
2085
2117
2141
2165
2167
2216
2222
2262
2266
2287
2287
2297
2327
2337
2355
2359
2362
2362
2372
2390
2405
2405
2405
2475
2483
2532
2532
2547
2557
2573
2588
2612
2615
2630
2662
2666
2666
2682
2706
2736
2740
2740
2740
2744
2792
2798
2798
2847
2855
2873
2883
2910
2964
3014
3016
3016
3040
3058
3094
3094
3099
3108
3118
3138
3138
3208
3218
3232
3232
3272
3344
3368
3368
3368
3368
3408
3408
3471
3495
3513
3515
3540
3540
3542
3591
3654
3661
3670
3734
3774
3801
3809
3841
3889
3889
3899
3949
3949
3953
3983
3991
3997
4007
4035
4085
4100
4110
4126
4182
4222
4222
4286
4376
4440
4472
4474
4482
4487
4497
4505
4529
4539
4539
4560
4623
4683
4701
4746
4774
4804
4828
4900
4930
5020
5020
5030
5048
5058
5062
5134
5146
5153
5243
5243
5251
5256
5286
5286
5286
5376
5406
5441
5447
5447
5474
5528
5543
5552
5552
5579
5586
5598
5605
5626
5656
5728
5791
5791
5815
5835
5859
5859
5871
5903
5903
5910
5910
5919
5955
5973
5979
5979
5984
6047
6047
6047
